Techniques=Silvarya@Silvarya.fx
TechniqueSorting=Silvarya@Silvarya.fx

[neoSilvarya.fx]
BlackPoint=43
ChromaticAberrationStrength=0.100000
CloudDensity=0.366000
CloudDetail=0.534000
CloudScale=0.913000
CloudSpeed=0.598000
ColorTint=0.094000,0.003000,0.057000
GlowStrength=3.805000
GrainStrength=0.000000
HDRPower=3.000000
HighlightClipping=0
radius1=0.514000
radius2=1.134000
VignetteStrength=0.407000
WhitePoint=158

[Silvarya.fx]
BlackPoint=16
HDRPower=1.300000
HighlightClipping=0
radius1=0.793000
radius2=0.870000
WhitePoint=235

